,Student ID,Grades,Feedback
0,642,77.44,Link to Assignment with Professor Feedback
1,613,100.0,Link to Assignment with Professor Feedback
2,787,100.0,Link to Assignment with Professor Feedback
3,873,76.44,Link to Assignment with Professor Feedback
4,625,61.64,Link to Assignment with Professor Feedback
5,756,80.47,Link to Assignment with Professor Feedback
6,823,100.0,Link to Assignment with Professor Feedback
7,819,86.81,Link to Assignment with Professor Feedback
8,675,100.0,Link to Assignment with Professor Feedback
9,766,78.97,Link to Assignment with Professor Feedback
10,645,84.75,Link to Assignment with Professor Feedback
11,842,100.0,Link to Assignment with Professor Feedback
12,530,46.74,Link to Assignment with Professor Feedback
13,703,74.78,Link to Assignment with Professor Feedback
14,498,66.0,Link to Assignment with Professor Feedback
15,649,96.46,Link to Assignment with Professor Feedback
16,704,100.0,Link to Assignment with Professor Feedback
17,552,90.0,Link to Assignment with Professor Feedback
18,790,54.38,Link to Assignment with Professor Feedback
